camera_matrix:
- - 619.744654022598
  - 0.0
  - 294.82364073549434
- - 0.0
  - 621.9911772366638
  - 198.4647201188706
- - 0.0
  - 0.0
  - 1.0
cx: 294.82364073549434
cy: 198.4647201188706
dist_coeffs:
- 0.1769569921573593
- -0.6633355491042026
- -0.024492355562969984
- -0.019773328230606988
- 1.785559490795491
fx: 619.744654022598
fy: 621.9911772366638
image_height: 480
image_width: 640
rms_reprojection_error: 0.8375898783903868
